temps=6500:4000
latlon=0.000000:0.000000
speed=1000
method=Auto
map=177.00|100.00;3.00|100.00;-6.00|0.00;-174.00|0.00;
